1.000000000000000056e-01
3.000000000000000444e-01
5.000000000000001110e-01
7.000000000000000666e-01
9.000000000000000222e-01
1.099999999999999867e+00
1.299999999999999822e+00
1.499999999999999778e+00
1.699999999999999734e+00
1.899999999999999689e+00
2.099999999999999645e+00
2.299999999999999822e+00
2.500000000000000000e+00
2.700000000000000178e+00
2.900000000000000355e+00
3.100000000000000533e+00
3.300000000000000711e+00
3.500000000000000888e+00
3.700000000000001066e+00
3.900000000000000799e+00
4.100000000000001421e+00
4.300000000000001599e+00
4.500000000000001776e+00
4.700000000000001954e+00
4.900000000000002132e+00
5.100000000000002309e+00
5.300000000000002487e+00
5.500000000000002665e+00
5.700000000000002842e+00
5.900000000000003020e+00
6.100000000000003197e+00
6.300000000000003375e+00
6.500000000000003553e+00
6.700000000000003730e+00
6.900000000000003908e+00
7.100000000000004086e+00
7.300000000000004263e+00
7.500000000000004441e+00
7.700000000000004619e+00
7.900000000000003908e+00
8.100000000000003197e+00
8.300000000000002487e+00
8.500000000000001776e+00
8.700000000000001066e+00
8.900000000000000355e+00
9.099999999999999645e+00
9.299999999999998934e+00
9.499999999999998224e+00
9.699999999999997513e+00
9.899999999999996803e+00
1.009999999999999609e+01
1.029999999999999538e+01
1.049999999999999467e+01
1.069999999999999396e+01
1.089999999999999325e+01
1.109999999999999254e+01
1.129999999999999183e+01
1.149999999999999112e+01
1.169999999999999041e+01
1.189999999999998970e+01
1.209999999999998899e+01
1.229999999999998828e+01
1.249999999999998757e+01
1.269999999999998685e+01
1.289999999999998614e+01
1.309999999999998543e+01
1.329999999999998472e+01
1.349999999999998401e+01
1.369999999999998330e+01
1.389999999999998259e+01
1.409999999999998188e+01
1.429999999999998117e+01
1.449999999999998046e+01
1.469999999999997975e+01
1.489999999999997904e+01
1.509999999999997833e+01
1.529999999999997762e+01
1.549999999999997691e+01
1.569999999999997620e+01
1.589999999999997549e+01
1.609999999999997300e+01
1.629999999999997229e+01
1.649999999999997158e+01
1.669999999999997087e+01
1.689999999999997016e+01
1.709999999999996945e+01
1.729999999999996874e+01
1.749999999999996803e+01
1.769999999999996732e+01
1.789999999999996660e+01
1.809999999999996589e+01
1.829999999999996518e+01
1.849999999999996447e+01
1.869999999999996376e+01
1.889999999999996305e+01
1.909999999999996234e+01
1.929999999999996163e+01
1.949999999999996092e+01
1.969999999999996021e+01
1.989999999999995950e+01
2.009999999999995879e+01
2.029999999999995808e+01
2.049999999999995737e+01
2.069999999999995666e+01
2.089999999999995595e+01
2.109999999999995524e+01
2.129999999999995453e+01
2.149999999999995381e+01
2.169999999999995310e+01
2.189999999999995239e+01
2.209999999999995168e+01
2.229999999999995097e+01
2.249999999999995026e+01
2.269999999999994955e+01
2.289999999999994884e+01
2.309999999999994813e+01
2.329999999999994742e+01
2.349999999999994671e+01
2.369999999999994600e+01
2.389999999999994529e+01
2.409999999999994458e+01
2.429999999999994387e+01
2.449999999999994316e+01
2.469999999999994245e+01
2.489999999999994174e+01
2.509999999999994102e+01
2.529999999999994031e+01
2.549999999999993960e+01
2.569999999999993889e+01
2.589999999999993818e+01
2.609999999999993747e+01
2.629999999999993676e+01
2.649999999999993605e+01
2.669999999999993534e+01
2.689999999999993463e+01
2.709999999999993392e+01
2.729999999999993321e+01
2.749999999999993250e+01
2.769999999999993179e+01
2.789999999999993108e+01
2.809999999999993037e+01
2.829999999999992966e+01
2.849999999999992895e+01
2.869999999999992824e+01
2.889999999999992752e+01
2.909999999999992681e+01
2.929999999999992610e+01
2.949999999999992539e+01
2.969999999999992468e+01
2.989999999999992397e+01
3.009999999999992326e+01
3.029999999999992255e+01
3.049999999999992184e+01
3.069999999999992113e+01
3.089999999999992042e+01
3.109999999999991971e+01
3.129999999999991900e+01
3.149999999999991829e+01
3.169999999999991758e+01
3.189999999999991687e+01
3.209999999999991616e+01
3.229999999999991900e+01
3.249999999999992184e+01
3.269999999999992468e+01
3.289999999999992752e+01
3.309999999999993037e+01
3.329999999999993321e+01
3.349999999999993605e+01
3.369999999999993889e+01
3.389999999999994174e+01
3.409999999999994458e+01
3.429999999999994742e+01
3.449999999999995026e+01
3.469999999999995310e+01
3.489999999999995595e+01
3.509999999999995879e+01
3.529999999999996163e+01
3.549999999999996447e+01
3.569999999999996732e+01
3.589999999999997016e+01
3.609999999999997300e+01
3.629999999999997584e+01
3.649999999999997868e+01
3.669999999999998153e+01
3.689999999999998437e+01
3.709999999999998721e+01
3.729999999999999005e+01
3.749999999999999289e+01
3.769999999999999574e+01
3.789999999999999858e+01
3.810000000000000142e+01
3.830000000000000426e+01
3.850000000000000711e+01
3.870000000000000995e+01
3.890000000000001279e+01
3.910000000000001563e+01
3.930000000000001847e+01
3.950000000000002132e+01
3.970000000000002416e+01
3.990000000000002700e+01
4.010000000000002984e+01
4.030000000000003268e+01
4.050000000000003553e+01
4.070000000000003837e+01
4.090000000000004121e+01
4.110000000000004405e+01
4.130000000000004690e+01
4.150000000000004974e+01
4.170000000000005258e+01
4.190000000000005542e+01
4.210000000000005826e+01
4.230000000000006111e+01
4.250000000000006395e+01
4.270000000000006679e+01
4.290000000000006963e+01
4.310000000000007248e+01
4.330000000000007532e+01
4.350000000000007816e+01
4.370000000000008100e+01
4.390000000000008384e+01
4.410000000000008669e+01
4.430000000000008953e+01
4.450000000000009237e+01
4.470000000000009521e+01
4.490000000000009805e+01
4.510000000000010090e+01
4.530000000000010374e+01
4.550000000000010658e+01
4.570000000000010942e+01
4.590000000000011227e+01
4.610000000000011511e+01
4.630000000000011795e+01
4.650000000000012079e+01
4.670000000000012363e+01
4.690000000000012648e+01
4.710000000000012932e+01
4.730000000000013216e+01
4.750000000000013500e+01
4.770000000000013785e+01
4.790000000000014069e+01
4.810000000000014353e+01
4.830000000000014637e+01
4.850000000000014921e+01
4.870000000000015206e+01
4.890000000000015490e+01
4.910000000000015774e+01
4.930000000000016058e+01
4.950000000000016342e+01
4.970000000000016627e+01
4.990000000000016911e+01
5.010000000000017195e+01
5.030000000000017479e+01
5.050000000000017764e+01
5.070000000000018048e+01
5.090000000000018332e+01
5.110000000000018616e+01
5.130000000000018900e+01
5.150000000000019185e+01
5.170000000000019469e+01
5.190000000000019753e+01
5.210000000000020037e+01
5.230000000000020322e+01
5.250000000000020606e+01
5.270000000000020890e+01
5.290000000000021174e+01
5.310000000000021458e+01
5.330000000000021743e+01
5.350000000000022027e+01
5.370000000000022311e+01
5.390000000000022595e+01
5.410000000000022879e+01
5.430000000000023164e+01
5.450000000000023448e+01
5.470000000000023732e+01
5.490000000000024016e+01
5.510000000000024301e+01
5.530000000000024585e+01
5.550000000000024869e+01
5.570000000000025153e+01
5.590000000000025437e+01
5.610000000000025722e+01
5.630000000000026006e+01
5.650000000000026290e+01
5.670000000000026574e+01
5.690000000000026859e+01
5.710000000000027143e+01
5.730000000000027427e+01
5.750000000000027711e+01
5.770000000000027995e+01
5.790000000000028280e+01
5.810000000000028564e+01
5.830000000000028848e+01
5.850000000000029132e+01
5.870000000000029416e+01
5.890000000000029701e+01
5.910000000000029985e+01
5.930000000000030269e+01
5.950000000000030553e+01
5.970000000000030838e+01
5.990000000000031122e+01
6.010000000000031406e+01
6.030000000000031690e+01
6.050000000000031974e+01
6.070000000000032259e+01
6.090000000000032543e+01
6.110000000000032827e+01
6.130000000000033111e+01
6.150000000000033396e+01
6.170000000000033680e+01
6.190000000000033964e+01
6.210000000000034248e+01
6.230000000000034532e+01
6.250000000000034817e+01
6.270000000000035101e+01
6.290000000000035385e+01
6.310000000000035669e+01
6.330000000000035953e+01
6.350000000000036238e+01
6.370000000000036522e+01
6.390000000000036806e+01
6.410000000000037801e+01
6.430000000000038085e+01
6.450000000000038369e+01
6.470000000000038654e+01
6.490000000000038938e+01
6.510000000000039222e+01
6.530000000000039506e+01
6.550000000000039790e+01
6.570000000000040075e+01
6.590000000000040359e+01
6.610000000000040643e+01
6.630000000000040927e+01
6.650000000000041211e+01
6.670000000000041496e+01
6.690000000000041780e+01
6.710000000000042064e+01
6.730000000000042348e+01
6.750000000000042633e+01
6.770000000000042917e+01
6.790000000000043201e+01
6.810000000000043485e+01
6.830000000000043769e+01
6.850000000000044054e+01
6.870000000000044338e+01
6.890000000000044622e+01
6.910000000000044906e+01
6.930000000000045191e+01
6.950000000000045475e+01
6.970000000000045759e+01
6.990000000000046043e+01
7.010000000000046327e+01
7.030000000000046612e+01
7.050000000000046896e+01
7.070000000000047180e+01
7.090000000000047464e+01
7.110000000000047748e+01
7.130000000000048033e+01
7.150000000000048317e+01
7.170000000000048601e+01
7.190000000000048885e+01
7.210000000000049170e+01
7.230000000000049454e+01
7.250000000000049738e+01
7.270000000000050022e+01
7.290000000000050306e+01
7.310000000000050591e+01
7.330000000000050875e+01
7.350000000000051159e+01
7.370000000000051443e+01
7.390000000000051728e+01
7.410000000000052012e+01
7.430000000000052296e+01
7.450000000000052580e+01
7.470000000000052864e+01
7.490000000000053149e+01
7.510000000000053433e+01
7.530000000000053717e+01
7.550000000000054001e+01
7.570000000000054285e+01
7.590000000000054570e+01
7.610000000000054854e+01
7.630000000000055138e+01
7.650000000000055422e+01
7.670000000000055707e+01
7.690000000000055991e+01
7.710000000000056275e+01
7.730000000000056559e+01
7.750000000000056843e+01
7.770000000000057128e+01
7.790000000000057412e+01
7.810000000000057696e+01
7.830000000000057980e+01
7.850000000000058265e+01
7.870000000000058549e+01
7.890000000000058833e+01
7.910000000000059117e+01
7.930000000000059401e+01
7.950000000000059686e+01
7.970000000000059970e+01
7.990000000000060254e+01
8.010000000000060538e+01
8.030000000000060822e+01
8.050000000000061107e+01
8.070000000000061391e+01
8.090000000000061675e+01
8.110000000000061959e+01
8.130000000000062244e+01
8.150000000000062528e+01
8.170000000000062812e+01
8.190000000000063096e+01
8.210000000000063380e+01
8.230000000000063665e+01
8.250000000000063949e+01
8.270000000000064233e+01
8.290000000000064517e+01
8.310000000000064801e+01
8.330000000000065086e+01
8.350000000000065370e+01
8.370000000000065654e+01
8.390000000000065938e+01
8.410000000000066223e+01
8.430000000000066507e+01
8.450000000000066791e+01
8.470000000000067075e+01
8.490000000000067359e+01
8.510000000000067644e+01
8.530000000000067928e+01
8.550000000000068212e+01
8.570000000000068496e+01
8.590000000000068781e+01
8.610000000000069065e+01
8.630000000000069349e+01
8.650000000000069633e+01
8.670000000000069917e+01
8.690000000000070202e+01
8.710000000000070486e+01
8.730000000000070770e+01
8.750000000000071054e+01
8.770000000000071338e+01
8.790000000000071623e+01
8.810000000000071907e+01
8.830000000000072191e+01
8.850000000000072475e+01
8.870000000000072760e+01
8.890000000000073044e+01
8.910000000000073328e+01
8.930000000000073612e+01
8.950000000000073896e+01
8.970000000000074181e+01
8.990000000000074465e+01
9.010000000000074749e+01
9.030000000000075033e+01
9.050000000000075318e+01
9.070000000000075602e+01
9.090000000000075886e+01
9.110000000000076170e+01
9.130000000000076454e+01
9.150000000000076739e+01
9.170000000000077023e+01
9.190000000000077307e+01
9.210000000000077591e+01
9.230000000000077875e+01
9.250000000000078160e+01
9.270000000000078444e+01
9.290000000000078728e+01
9.310000000000079012e+01
9.330000000000079297e+01
9.350000000000079581e+01
9.370000000000079865e+01
9.390000000000080149e+01
9.410000000000080433e+01
9.430000000000080718e+01
9.450000000000081002e+01
9.470000000000081286e+01
9.490000000000081570e+01
9.510000000000081855e+01
9.530000000000082139e+01
9.550000000000082423e+01
9.570000000000082707e+01
9.590000000000082991e+01
9.610000000000083276e+01
9.630000000000083560e+01
9.650000000000083844e+01
9.670000000000084128e+01
9.690000000000084412e+01
9.710000000000084697e+01
9.730000000000084981e+01
9.750000000000085265e+01
9.770000000000085549e+01
9.790000000000085834e+01
9.810000000000086118e+01
9.830000000000086402e+01
9.850000000000086686e+01
9.870000000000086970e+01
9.890000000000087255e+01
9.910000000000087539e+01
9.930000000000087823e+01
9.950000000000088107e+01
9.970000000000088392e+01
9.990000000000088676e+01
1.001000000000008896e+02
1.003000000000008924e+02
1.005000000000008953e+02
1.007000000000008981e+02
1.009000000000009010e+02
1.011000000000009038e+02
1.013000000000009067e+02
1.015000000000009095e+02
1.017000000000009123e+02
1.019000000000009152e+02
1.021000000000009180e+02
1.023000000000009209e+02
1.025000000000009237e+02
1.027000000000009265e+02
1.029000000000009294e+02
1.031000000000009322e+02
1.033000000000009351e+02
1.035000000000009379e+02
1.037000000000009408e+02
1.039000000000009436e+02
1.041000000000009464e+02
1.043000000000009493e+02
1.045000000000009521e+02
1.047000000000009550e+02
1.049000000000009578e+02
1.051000000000009607e+02
1.053000000000009635e+02
1.055000000000009663e+02
1.057000000000009692e+02
1.059000000000009720e+02
1.061000000000009749e+02
1.063000000000009777e+02
1.065000000000009805e+02
1.067000000000009834e+02
1.069000000000009862e+02
1.071000000000009891e+02
1.073000000000009919e+02
1.075000000000009948e+02
1.077000000000009976e+02
1.079000000000010004e+02
1.081000000000010033e+02
1.083000000000010061e+02
1.085000000000010090e+02
1.087000000000010118e+02
1.089000000000010147e+02
1.091000000000010175e+02
1.093000000000010203e+02
1.095000000000010232e+02
1.097000000000010260e+02
1.099000000000010289e+02
1.101000000000010317e+02
1.103000000000010346e+02
1.105000000000010374e+02
1.107000000000010402e+02
1.109000000000010431e+02
1.111000000000010459e+02
1.113000000000010488e+02
1.115000000000010516e+02
1.117000000000010544e+02
1.119000000000010573e+02
1.121000000000010601e+02
1.123000000000010630e+02
1.125000000000010658e+02
1.127000000000010687e+02
1.129000000000010715e+02
1.131000000000010743e+02
1.133000000000010772e+02
1.135000000000010800e+02
1.137000000000010829e+02
1.139000000000010857e+02
1.141000000000010886e+02
1.143000000000010914e+02
1.145000000000010942e+02
1.147000000000010971e+02
1.149000000000010999e+02
1.151000000000011028e+02
1.153000000000011056e+02
1.155000000000011084e+02
1.157000000000011113e+02
1.159000000000011141e+02
1.161000000000011170e+02
1.163000000000011198e+02
1.165000000000011227e+02
1.167000000000011255e+02
1.169000000000011283e+02
1.171000000000011312e+02
1.173000000000011340e+02
1.175000000000011369e+02
1.177000000000011397e+02
1.179000000000011426e+02
1.181000000000011454e+02
1.183000000000011482e+02
1.185000000000011511e+02
1.187000000000011539e+02
1.189000000000011568e+02
1.191000000000011596e+02
1.193000000000011624e+02
1.195000000000011653e+02
1.197000000000011681e+02
1.199000000000011710e+02
1.201000000000011738e+02
1.203000000000011767e+02
1.205000000000011795e+02
1.207000000000011823e+02
1.209000000000011852e+02
1.211000000000011880e+02
1.213000000000011909e+02
1.215000000000011937e+02
1.217000000000011966e+02
1.219000000000011994e+02
1.221000000000012022e+02
1.223000000000012051e+02
1.225000000000012079e+02
1.227000000000012108e+02
1.229000000000012136e+02
1.231000000000012164e+02
1.233000000000012193e+02
1.235000000000012221e+02
1.237000000000012250e+02
1.239000000000012278e+02
1.241000000000012307e+02
1.243000000000012335e+02
1.245000000000012363e+02
1.247000000000012392e+02
1.249000000000012420e+02
1.251000000000012449e+02
1.253000000000012477e+02
1.255000000000012506e+02
1.257000000000012534e+02
1.259000000000012562e+02
1.261000000000012591e+02
1.263000000000012619e+02
1.265000000000012648e+02
1.267000000000012676e+02
1.269000000000012705e+02
1.271000000000012733e+02
1.273000000000012761e+02
1.275000000000012790e+02
1.277000000000012818e+02
1.279000000000012847e+02
1.281000000000012733e+02
1.283000000000012619e+02
1.285000000000012506e+02
1.287000000000012392e+02
1.289000000000012278e+02
1.291000000000012164e+02
1.293000000000012051e+02
1.295000000000011937e+02
1.297000000000011823e+02
1.299000000000011710e+02
1.301000000000011596e+02
1.303000000000011482e+02
1.305000000000011369e+02
1.307000000000011255e+02
1.309000000000011141e+02
1.311000000000011028e+02
1.313000000000010914e+02
1.315000000000010800e+02
1.317000000000010687e+02
1.319000000000010573e+02
1.321000000000010459e+02
1.323000000000010346e+02
1.325000000000010232e+02
1.327000000000010118e+02
1.329000000000010004e+02
1.331000000000009891e+02
1.333000000000009777e+02
1.335000000000009663e+02
1.337000000000009550e+02
1.339000000000009436e+02
1.341000000000009322e+02
1.343000000000009209e+02
1.345000000000009095e+02
1.347000000000008981e+02
1.349000000000008868e+02
1.351000000000008754e+02
1.353000000000008640e+02
1.355000000000008527e+02
1.357000000000008413e+02
1.359000000000008299e+02
1.361000000000008185e+02
1.363000000000008072e+02
1.365000000000007958e+02
1.367000000000007844e+02
1.369000000000007731e+02
1.371000000000007617e+02
1.373000000000007503e+02
1.375000000000007390e+02
1.377000000000007276e+02
1.379000000000007162e+02
1.381000000000007049e+02
1.383000000000006935e+02
1.385000000000006821e+02
1.387000000000006708e+02
1.389000000000006594e+02
1.391000000000006480e+02
1.393000000000006366e+02
1.395000000000006253e+02
1.397000000000006139e+02
1.399000000000006025e+02
1.401000000000005912e+02
1.403000000000005798e+02
1.405000000000005684e+02
1.407000000000005571e+02
1.409000000000005457e+02
1.411000000000005343e+02
1.413000000000005230e+02
1.415000000000005116e+02
1.417000000000005002e+02
1.419000000000004889e+02
1.421000000000004775e+02
1.423000000000004661e+02
1.425000000000004547e+02
1.427000000000004434e+02
1.429000000000004320e+02
1.431000000000004206e+02
1.433000000000004093e+02
1.435000000000003979e+02
1.437000000000003865e+02
1.439000000000003752e+02
1.441000000000003638e+02
1.443000000000003524e+02
1.445000000000003411e+02
1.447000000000003297e+02
1.449000000000003183e+02
1.451000000000003070e+02
1.453000000000002956e+02
1.455000000000002842e+02
1.457000000000002728e+02
1.459000000000002615e+02
1.461000000000002501e+02
1.463000000000002387e+02
1.465000000000002274e+02
1.467000000000002160e+02
1.469000000000002046e+02
1.471000000000001933e+02
1.473000000000001819e+02
1.475000000000001705e+02
1.477000000000001592e+02
1.479000000000001478e+02
1.481000000000001364e+02
1.483000000000001251e+02
1.485000000000001137e+02
1.487000000000001023e+02
1.489000000000000909e+02
1.491000000000000796e+02
1.493000000000000682e+02
1.495000000000000568e+02
1.497000000000000455e+02
1.499000000000000341e+02
1.501000000000000227e+02
1.503000000000000114e+02
1.505000000000000000e+02
1.506999999999999886e+02
1.508999999999999773e+02
1.510999999999999659e+02
1.512999999999999545e+02
1.514999999999999432e+02
1.516999999999999318e+02
1.518999999999999204e+02
1.520999999999999091e+02
1.522999999999998977e+02
1.524999999999998863e+02
1.526999999999998749e+02
1.528999999999998636e+02
1.530999999999998522e+02
1.532999999999998408e+02
1.534999999999998295e+02
1.536999999999998181e+02
1.538999999999998067e+02
1.540999999999997954e+02
1.542999999999997840e+02
1.544999999999997726e+02
1.546999999999997613e+02
1.548999999999997499e+02
1.550999999999997385e+02
1.552999999999997272e+02
1.554999999999997158e+02
1.556999999999997044e+02
1.558999999999996930e+02
1.560999999999996817e+02
1.562999999999996703e+02
1.564999999999996589e+02
1.566999999999996476e+02
1.568999999999996362e+02
1.570999999999996248e+02
1.572999999999996135e+02
1.574999999999996021e+02
1.576999999999995907e+02
1.578999999999995794e+02
1.580999999999995680e+02
1.582999999999995566e+02
1.584999999999995453e+02
1.586999999999995339e+02
1.588999999999995225e+02
1.590999999999995111e+02
1.592999999999994998e+02
1.594999999999994884e+02
1.596999999999994770e+02
1.598999999999994657e+02
1.600999999999994543e+02
1.602999999999994429e+02
1.604999999999994316e+02
1.606999999999994202e+02
1.608999999999994088e+02
1.610999999999993975e+02
1.612999999999993861e+02
1.614999999999993747e+02
1.616999999999993634e+02
1.618999999999993520e+02
1.620999999999993406e+02
1.622999999999993292e+02
1.624999999999993179e+02
1.626999999999993065e+02
1.628999999999992951e+02
1.630999999999992838e+02
1.632999999999992724e+02
1.634999999999992610e+02
1.636999999999992497e+02
1.638999999999992383e+02
1.640999999999992269e+02
1.642999999999992156e+02
1.644999999999992042e+02
1.646999999999991928e+02
1.648999999999991815e+02
1.650999999999991701e+02
1.652999999999991587e+02
1.654999999999991473e+02
1.656999999999991360e+02
1.658999999999991246e+02
1.660999999999991132e+02
1.662999999999991019e+02
1.664999999999990905e+02
1.666999999999990791e+02
1.668999999999990678e+02
1.670999999999990564e+02
1.672999999999990450e+02
1.674999999999990337e+02
1.676999999999990223e+02
1.678999999999990109e+02
1.680999999999989996e+02
1.682999999999989882e+02
1.684999999999989768e+02
1.686999999999989654e+02
1.688999999999989541e+02
1.690999999999989427e+02
1.692999999999989313e+02
1.694999999999989200e+02
1.696999999999989086e+02
1.698999999999988972e+02
1.700999999999988859e+02
1.702999999999988745e+02
1.704999999999988631e+02
1.706999999999988518e+02
1.708999999999988404e+02
1.710999999999988290e+02
1.712999999999988177e+02
1.714999999999988063e+02
1.716999999999987949e+02
1.718999999999987836e+02
1.720999999999987722e+02
1.722999999999987608e+02
1.724999999999987494e+02
1.726999999999987381e+02
1.728999999999987267e+02
1.730999999999987153e+02
1.732999999999987040e+02
1.734999999999986926e+02
1.736999999999986812e+02
1.738999999999986699e+02
1.740999999999986585e+02
1.742999999999986471e+02
1.744999999999986358e+02
1.746999999999986244e+02
1.748999999999986130e+02
1.750999999999986017e+02
1.752999999999985903e+02
1.754999999999985789e+02
1.756999999999985675e+02
1.758999999999985562e+02
1.760999999999985448e+02
1.762999999999985334e+02
1.764999999999985221e+02
1.766999999999985107e+02
1.768999999999984993e+02
1.770999999999984880e+02
1.772999999999984766e+02
1.774999999999984652e+02
1.776999999999984539e+02
1.778999999999984425e+02
1.780999999999984311e+02
1.782999999999984198e+02
1.784999999999984084e+02
1.786999999999983970e+02
1.788999999999983856e+02
1.790999999999983743e+02
1.792999999999983629e+02
1.794999999999983515e+02
1.796999999999983402e+02
1.798999999999983288e+02
1.800999999999983174e+02
1.802999999999983061e+02
1.804999999999982947e+02
1.806999999999982833e+02
1.808999999999982720e+02
1.810999999999982606e+02
1.812999999999982492e+02
1.814999999999982379e+02
1.816999999999982265e+02
1.818999999999982151e+02
1.820999999999982037e+02
1.822999999999981924e+02
1.824999999999981810e+02
1.826999999999981696e+02
1.828999999999981583e+02
1.830999999999981469e+02
1.832999999999981355e+02
1.834999999999981242e+02
1.836999999999981128e+02
1.838999999999981014e+02
1.840999999999980901e+02
1.842999999999980787e+02
1.844999999999980673e+02
1.846999999999980560e+02
1.848999999999980446e+02
1.850999999999980332e+02
1.852999999999980218e+02
1.854999999999980105e+02
1.856999999999979991e+02
1.858999999999979877e+02
1.860999999999979764e+02
1.862999999999979650e+02
1.864999999999979536e+02
1.866999999999979423e+02
1.868999999999979309e+02
1.870999999999979195e+02
1.872999999999979082e+02
1.874999999999978968e+02
1.876999999999978854e+02
1.878999999999978741e+02
1.880999999999978627e+02
1.882999999999978513e+02
1.884999999999978400e+02
1.886999999999978286e+02
1.888999999999978172e+02
1.890999999999978058e+02
1.892999999999977945e+02
1.894999999999977831e+02
1.896999999999977717e+02
1.898999999999977604e+02
1.900999999999977490e+02
1.902999999999977376e+02
1.904999999999977263e+02
1.906999999999977149e+02
1.908999999999977035e+02
1.910999999999976922e+02
1.912999999999976808e+02
1.914999999999976694e+02
1.916999999999976581e+02
1.918999999999976467e+02
1.920999999999976353e+02
1.922999999999976239e+02
1.924999999999976126e+02
1.926999999999976012e+02
1.928999999999975898e+02
1.930999999999975785e+02
1.932999999999975671e+02
1.934999999999975557e+02
1.936999999999975444e+02
1.938999999999975330e+02
1.940999999999975216e+02
1.942999999999975103e+02
1.944999999999974989e+02
1.946999999999974875e+02
1.948999999999974762e+02
1.950999999999974648e+02
1.952999999999974534e+02
1.954999999999974420e+02
1.956999999999974307e+02
1.958999999999974193e+02
1.960999999999974079e+02
1.962999999999973966e+02
1.964999999999973852e+02
1.966999999999973738e+02
1.968999999999973625e+02
1.970999999999973511e+02
1.972999999999973397e+02
1.974999999999973284e+02
1.976999999999973170e+02
1.978999999999973056e+02
1.980999999999972943e+02
1.982999999999972829e+02
1.984999999999972715e+02
1.986999999999972601e+02
1.988999999999972488e+02
1.990999999999972374e+02
1.992999999999972260e+02
1.994999999999972147e+02
1.996999999999972033e+02
1.998999999999971919e+02
2.000999999999971806e+02
2.002999999999971692e+02
2.004999999999971578e+02
2.006999999999971465e+02
2.008999999999971351e+02
2.010999999999971237e+02
2.012999999999971124e+02
2.014999999999971010e+02
2.016999999999970896e+02
2.018999999999970782e+02
2.020999999999970669e+02
2.022999999999970555e+02
2.024999999999970441e+02
2.026999999999970328e+02
2.028999999999970214e+02
2.030999999999970100e+02
2.032999999999969987e+02
2.034999999999969873e+02
2.036999999999969759e+02
2.038999999999969646e+02
2.040999999999969532e+02
2.042999999999969418e+02
2.044999999999969305e+02
2.046999999999969191e+02
2.048999999999969077e+02
2.050999999999968963e+02
2.052999999999968850e+02
2.054999999999968736e+02
2.056999999999968622e+02
2.058999999999968509e+02
2.060999999999968395e+02
2.062999999999968281e+02
2.064999999999968168e+02
2.066999999999968054e+02
2.068999999999967940e+02
2.070999999999967827e+02
2.072999999999967713e+02
2.074999999999967599e+02
2.076999999999967486e+02
2.078999999999967372e+02
2.080999999999967258e+02
2.082999999999967145e+02
2.084999999999967031e+02
2.086999999999966917e+02
2.088999999999966803e+02
2.090999999999966690e+02
2.092999999999966576e+02
2.094999999999966462e+02
2.096999999999966349e+02
2.098999999999966235e+02
2.100999999999966121e+02
2.102999999999966008e+02
2.104999999999965894e+02
2.106999999999965780e+02
2.108999999999965667e+02
2.110999999999965553e+02
2.112999999999965439e+02
2.114999999999965326e+02
2.116999999999965212e+02
2.118999999999965098e+02
2.120999999999964984e+02
2.122999999999964871e+02
2.124999999999964757e+02
2.126999999999964643e+02
2.128999999999964530e+02
2.130999999999964416e+02
2.132999999999964302e+02
2.134999999999964189e+02
2.136999999999964075e+02
2.138999999999963961e+02
2.140999999999963848e+02
2.142999999999963734e+02
2.144999999999963620e+02
2.146999999999963507e+02
2.148999999999963393e+02
2.150999999999963279e+02
2.152999999999963165e+02
2.154999999999963052e+02
2.156999999999962938e+02
2.158999999999962824e+02
2.160999999999962711e+02
2.162999999999962597e+02
2.164999999999962483e+02
2.166999999999962370e+02
2.168999999999962256e+02
2.170999999999962142e+02
2.172999999999962029e+02
2.174999999999961915e+02
2.176999999999961801e+02
2.178999999999961688e+02
2.180999999999961574e+02
2.182999999999961460e+02
2.184999999999961346e+02
2.186999999999961233e+02
2.188999999999961119e+02
2.190999999999961005e+02
2.192999999999960892e+02
2.194999999999960778e+02
2.196999999999960664e+02
2.198999999999960551e+02
2.200999999999960437e+02
2.202999999999960323e+02
2.204999999999960210e+02
2.206999999999960096e+02
2.208999999999959982e+02
2.210999999999959869e+02
2.212999999999959755e+02
2.214999999999959641e+02
2.216999999999959527e+02
2.218999999999959414e+02
2.220999999999959300e+02
2.222999999999959186e+02
2.224999999999959073e+02
2.226999999999958959e+02
2.228999999999958845e+02
2.230999999999958732e+02
2.232999999999958618e+02
2.234999999999958504e+02
2.236999999999958391e+02
2.238999999999958277e+02
2.240999999999958163e+02
2.242999999999958050e+02
2.244999999999957936e+02
2.246999999999957822e+02
2.248999999999957708e+02
2.250999999999957595e+02
2.252999999999957481e+02
2.254999999999957367e+02
2.256999999999957254e+02
2.258999999999957140e+02
2.260999999999957026e+02
2.262999999999956913e+02
2.264999999999956799e+02
2.266999999999956685e+02
2.268999999999956572e+02
2.270999999999956458e+02
2.272999999999956344e+02
2.274999999999956231e+02
2.276999999999956117e+02
2.278999999999956003e+02
2.280999999999955890e+02
2.282999999999955776e+02
2.284999999999955662e+02
2.286999999999955548e+02
2.288999999999955435e+02
2.290999999999955321e+02
2.292999999999955207e+02
2.294999999999955094e+02
2.296999999999954980e+02
2.298999999999954866e+02
2.300999999999954753e+02
2.302999999999954639e+02
2.304999999999954525e+02
2.306999999999954412e+02
2.308999999999954298e+02
2.310999999999954184e+02
2.312999999999954071e+02
2.314999999999953957e+02
2.316999999999953843e+02
2.318999999999953729e+02
2.320999999999953616e+02
2.322999999999953502e+02
2.324999999999953388e+02
2.326999999999953275e+02
2.328999999999953161e+02
2.330999999999953047e+02
2.332999999999952934e+02
2.334999999999952820e+02
2.336999999999952706e+02
2.338999999999952593e+02
2.340999999999952479e+02
2.342999999999952365e+02
2.344999999999952252e+02
2.346999999999952138e+02
2.348999999999952024e+02
2.350999999999951910e+02
2.352999999999951797e+02
2.354999999999951683e+02
2.356999999999951569e+02
2.358999999999951456e+02
2.360999999999951342e+02
2.362999999999951228e+02
2.364999999999951115e+02
2.366999999999951001e+02
2.368999999999950887e+02
2.370999999999950774e+02
2.372999999999950660e+02
2.374999999999950546e+02
2.376999999999950433e+02
2.378999999999950319e+02
2.380999999999950205e+02
2.382999999999950091e+02
2.384999999999949978e+02
2.386999999999949864e+02
2.388999999999949750e+02
2.390999999999949637e+02
2.392999999999949523e+02
2.394999999999949409e+02
2.396999999999949296e+02
2.398999999999949182e+02
2.400999999999949068e+02
2.402999999999948955e+02
2.404999999999948841e+02
2.406999999999948727e+02
2.408999999999948614e+02
2.410999999999948500e+02
2.412999999999948386e+02
2.414999999999948272e+02
2.416999999999948159e+02
2.418999999999948045e+02
2.420999999999947931e+02
2.422999999999947818e+02
2.424999999999947704e+02
2.426999999999947590e+02
2.428999999999947477e+02
2.430999999999947363e+02
2.432999999999947249e+02
2.434999999999947136e+02
2.436999999999947022e+02
2.438999999999946908e+02
2.440999999999946795e+02
2.442999999999946681e+02
2.444999999999946567e+02
2.446999999999946453e+02
2.448999999999946340e+02
2.450999999999946226e+02
2.452999999999946112e+02
2.454999999999945999e+02
2.456999999999945885e+02
2.458999999999945771e+02
2.460999999999945658e+02
2.462999999999945544e+02
2.464999999999945430e+02
2.466999999999945317e+02
2.468999999999945203e+02
2.470999999999945089e+02
2.472999999999944976e+02
2.474999999999944862e+02
2.476999999999944748e+02
2.478999999999944635e+02
2.480999999999944521e+02
2.482999999999944407e+02
2.484999999999944293e+02
2.486999999999944180e+02
2.488999999999944066e+02
2.490999999999943952e+02
2.492999999999943839e+02
2.494999999999943725e+02
2.496999999999943611e+02
2.498999999999943498e+02
2.500999999999943384e+02
2.502999999999943270e+02
2.504999999999943157e+02
2.506999999999943043e+02
2.508999999999942929e+02
2.510999999999942816e+02
2.512999999999942702e+02
2.514999999999942588e+02
2.516999999999942474e+02
2.518999999999942361e+02
2.520999999999942247e+02
2.522999999999942133e+02
2.524999999999942020e+02
2.526999999999941906e+02
2.528999999999941792e+02
2.530999999999941679e+02
2.532999999999941565e+02
2.534999999999941451e+02
2.536999999999941338e+02
2.538999999999941224e+02
2.540999999999941110e+02
2.542999999999940997e+02
2.544999999999940883e+02
2.546999999999940769e+02
2.548999999999940655e+02
2.550999999999940542e+02
2.552999999999940428e+02
2.554999999999940314e+02
2.556999999999940201e+02
2.558999999999940087e+02
2.560999999999939973e+02
2.562999999999939860e+02
2.564999999999939746e+02
2.566999999999939632e+02
2.568999999999939519e+02
2.570999999999939405e+02
2.572999999999939291e+02
2.574999999999939178e+02
2.576999999999939064e+02
2.578999999999938950e+02
2.580999999999938836e+02
2.582999999999938723e+02
2.584999999999938609e+02
2.586999999999938495e+02
2.588999999999938382e+02
2.590999999999938268e+02
2.592999999999938154e+02
2.594999999999938041e+02
2.596999999999937927e+02
2.598999999999937813e+02
2.600999999999937700e+02
2.602999999999937586e+02
2.604999999999937472e+02
2.606999999999937359e+02
2.608999999999937245e+02
2.610999999999937131e+02
2.612999999999937017e+02
2.614999999999936904e+02
2.616999999999936790e+02
2.618999999999936676e+02
2.620999999999936563e+02
2.622999999999936449e+02
2.624999999999936335e+02
2.626999999999936222e+02
2.628999999999936108e+02
2.630999999999935994e+02
2.632999999999935881e+02
2.634999999999935767e+02
2.636999999999935653e+02
2.638999999999935540e+02
2.640999999999935426e+02
2.642999999999935312e+02
2.644999999999935199e+02
2.646999999999935085e+02
2.648999999999934971e+02
2.650999999999934857e+02
2.652999999999934744e+02
2.654999999999934630e+02
2.656999999999934516e+02
2.658999999999934403e+02
2.660999999999934289e+02
2.662999999999934175e+02
2.664999999999934062e+02
2.666999999999933948e+02
2.668999999999933834e+02
2.670999999999933721e+02
2.672999999999933607e+02
2.674999999999933493e+02
2.676999999999933380e+02
2.678999999999933266e+02
2.680999999999933152e+02
2.682999999999933038e+02
2.684999999999932925e+02
2.686999999999932811e+02
2.688999999999932697e+02
2.690999999999932584e+02
2.692999999999932470e+02
2.694999999999932356e+02
2.696999999999932243e+02
2.698999999999932129e+02
2.700999999999932015e+02
2.702999999999931902e+02
2.704999999999931788e+02
2.706999999999931674e+02
2.708999999999931561e+02
2.710999999999931447e+02
2.712999999999931333e+02
2.714999999999931219e+02
2.716999999999931106e+02
2.718999999999930992e+02
2.720999999999930878e+02
2.722999999999930765e+02
2.724999999999930651e+02
2.726999999999930537e+02
2.728999999999930424e+02
2.730999999999930310e+02
2.732999999999930196e+02
2.734999999999930083e+02
2.736999999999929969e+02
2.738999999999929855e+02
2.740999999999929742e+02
2.742999999999929628e+02
2.744999999999929514e+02
2.746999999999929400e+02
2.748999999999929287e+02
2.750999999999929173e+02
2.752999999999929059e+02
2.754999999999928946e+02
2.756999999999928832e+02
2.758999999999928718e+02
2.760999999999928605e+02
2.762999999999928491e+02
2.764999999999928377e+02
2.766999999999928264e+02
2.768999999999928150e+02
2.770999999999928036e+02
2.772999999999927923e+02
2.774999999999927809e+02
2.776999999999927695e+02
2.778999999999927581e+02
2.780999999999927468e+02
2.782999999999927354e+02
2.784999999999927240e+02
2.786999999999927127e+02
2.788999999999927013e+02
2.790999999999926899e+02
2.792999999999926786e+02
2.794999999999926672e+02
2.796999999999926558e+02
2.798999999999926445e+02
2.800999999999926331e+02
2.802999999999926217e+02
2.804999999999926104e+02
2.806999999999925990e+02
2.808999999999925876e+02
2.810999999999925762e+02
2.812999999999925649e+02
2.814999999999925535e+02
2.816999999999925421e+02
2.818999999999925308e+02
2.820999999999925194e+02
2.822999999999925080e+02
2.824999999999924967e+02
2.826999999999924853e+02
2.828999999999924739e+02
2.830999999999924626e+02
2.832999999999924512e+02
2.834999999999924398e+02
2.836999999999924285e+02
2.838999999999924171e+02
2.840999999999924057e+02
2.842999999999923944e+02
2.844999999999923830e+02
2.846999999999923716e+02
2.848999999999923602e+02
2.850999999999923489e+02
2.852999999999923375e+02
2.854999999999923261e+02
2.856999999999923148e+02
2.858999999999923034e+02
2.860999999999922920e+02
2.862999999999922807e+02
2.864999999999922693e+02
2.866999999999922579e+02
2.868999999999922466e+02
2.870999999999922352e+02
2.872999999999922238e+02
2.874999999999922125e+02
2.876999999999922011e+02
2.878999999999921897e+02
2.880999999999921783e+02
2.882999999999921670e+02
2.884999999999921556e+02
2.886999999999921442e+02
2.888999999999921329e+02
2.890999999999921215e+02
2.892999999999921101e+02
2.894999999999920988e+02
2.896999999999920874e+02
2.898999999999920760e+02
2.900999999999920647e+02
2.902999999999920533e+02
2.904999999999920419e+02
2.906999999999920306e+02
2.908999999999920192e+02
2.910999999999920078e+02
2.912999999999919964e+02
2.914999999999919851e+02
2.916999999999919737e+02
2.918999999999919623e+02
2.920999999999919510e+02
2.922999999999919396e+02
2.924999999999919282e+02
2.926999999999919169e+02
2.928999999999919055e+02
2.930999999999918941e+02
2.932999999999918828e+02
2.934999999999918714e+02
2.936999999999918600e+02
2.938999999999918487e+02
2.940999999999918373e+02
2.942999999999918259e+02
2.944999999999918145e+02
2.946999999999918032e+02
2.948999999999917918e+02
2.950999999999917804e+02
2.952999999999917691e+02
2.954999999999917577e+02
2.956999999999917463e+02
2.958999999999917350e+02
2.960999999999917236e+02
2.962999999999917122e+02
2.964999999999917009e+02
2.966999999999916895e+02
2.968999999999916781e+02
2.970999999999916668e+02
2.972999999999916554e+02
2.974999999999916440e+02
2.976999999999916326e+02
2.978999999999916213e+02
2.980999999999916099e+02
2.982999999999915985e+02
2.984999999999915872e+02
2.986999999999915758e+02
2.988999999999915644e+02
2.990999999999915531e+02
2.992999999999915417e+02
2.994999999999915303e+02
2.996999999999915190e+02
2.998999999999915076e+02
